DATA SET 1: UNLINK (EXCEPTION 2) (Error type : TypeError)
points_3d_example1 = [(1, 0, 0),
    (0.809016994375, 0.587785252292, 0),
    (0.309016994375, 0.951056516295, 0),
    (-0.309016994375, 0.951056516295, 0),
    (-0.809016994375, 0.587785252292, 0)]
points_3d_example2 = [(-1, 0, 0),
    (-0.809016994375, -0.587785252292, 0),
    (-0.309016994375, -0.951056516295, 1),
    (0.309016994375, -0.951056516295, 0),
    (0.809016994375, -0.587785252292, 0)]

DATA SET 2: HOPF LINK 
points_3d_example1 = [( 7 , 5 , 0 ),( 6 , 0 , 9 ),( 0 , 0 , 0 ),( 13 , 0 , 3 )]
points_3d_example2 = [( 0 , -5 , 3 ),( 6 , 2 , 3 ),( -5 , 6 , 3 ),( -4 , 0 , 3 )]

DATA SET 3: UNLINK
points_3d_example1 = `[(1, 0, 0),
    (0.809016994375, 0.587785252292, 0),
    (0.309016994375, 0.951056516295, 0),
    (-0.309016994375, 0.951056516295, 0),
    (-0.809016994375, 0.587785252292, 0)]
points_3d_example2 = [(0, 1, 1),
    (0.809016994375, 0.587785252292, 0),
    (0.690983005625, 0.048943483705, 2),
    (1.309016994375, 0.048943483705, 1),
    (1.809016994375, 0.412214747708, 1)]

DATA SET 4: UNLINK
points_3d_example1 = [(1, 0, 0),
    (0.809016994375, 0.587785252292, 0),
    (0.309016994375, 0.951056516295, 0),
    (-0.309016994375, 0.951056516295, 0),
    (-0.809016994375, 0.587785252292, 0)]
points_3d_example2 = [(0, 1, 1),
    (0.809016994375, -1.587785252292, 0),
    (0.690983005625, 0.048943483705, 2),
    (1.309016994375, 0.048943483705, 1),
    (1.809016994375, 0.412214747708, 1)]    

DATA SET 5: UNLINK
points_3d_example1 = [(1, 0, 0),
    (0.809016994375, 0.587785252292, 0),
    (0.309016994375, 0.951056516295, 0),
    (-0.309016994375, 0.951056516295, 0),
    (-0.809016994375, 0.587785252292, 0)]
points_3d_example2 = [(0, 1, 1),
    (0.809016994375, 1.587785252292, 0),
    (0.690983005625, 0.048943483705, 2),
    (1.309016994375, 0.048943483705, 1),
    (1.809016994375, 0.412214747708, 1)]     

DATA SET 6: HOPF LINK

points_3d_example1 = [(1.5, 2, 0.5), (0.5, 3, 3), (3, 3, 3), (3, 3, 0.5)]
points_3d_example2 = [(0, 4.5,1.5), (0,2.5,1.5), (1.5,0,1.5), (1.5,4.5,1.5)]    

DATA SET 8: HOPF LINK
points_3d_example1 = [(1.5, 2, 0.5), (0.5, 3, 3), (3, 3, 3), (3, 3, 0.5)]
points_3d_example2 = [(0, 4.5,1.5), (0,2.5,1.5), (1.5,0,1.7), (1.5,4.5,1.8)]

DATA SET 9: 3 component Link : [[(1.5, 2, 0.5), (0.5, 3, 3), (3, 3, 3), (3, 3, 0.5)],[(0, 6.5, 1.5), (0, 2.5, 1.5), (1.5, 0, 1.5), (1.5, 6.5, 1.5)],[(2, 5, 0), (1, 6, 2), (4, 6, 2), (4, 6, 0)]]

